-0.440584
-1.811853
-0.191112
-0.6280785
0.0763982
1.421931
0.7809814
0.8246141
1.011781
0.6454708
-1.464368
0.8039799
0.9163941
-1.312028
1.209024
-0.9855869
-0.4399684
-0.2414799
-0.8772743
-0.3053295
-0.3843174
-1.846955
-0.6159494
1.373475
-0.6526761
1.364028
0.7755968
-1.561439
-0.5723966
0.7463499
0.32891
-1.578028
-0.8068944
0.5902023
-0.4428243
1.06579
1.971384
0.5858967
-1.173904
-0.4217469
0.2254148
-0.6838136
1.070354
-0.2942364
-0.4411924
0.007356171
-0.7011947
-0.7343263
-0.4712761
0.8669672
1.811204
-0.6038896
-0.5805517
0.5997757
1.037007
-0.1959999
-1.142678
-0.3079569
-0.07972333
1.244961
-1.246076
-1.544766
0.9192309
0.5180991
1.107663
0.4614923
0.6046604
-0.7393362
0.4055502
-1.563384
0.1275932
-0.5118202
-0.8072396
1.103095
0.1269672
0.3811339
0.7950207
0.5835939
0.0565295
-1.838509
-0.3789018
-1.151849
-2.272493
0.2668537
-0.2949583
0.3048446
-1.590096
0.5211406
1.203255
0.3275084
-0.8570011
-0.2598898
0.8488117
-1.150708
0.5900419
0.5670483
-0.4909369
-1.140576
-1.135274
-0.4881329
